# SAT(MJD)        RM     RMerr_minus RMerr_plus
59309.4115359767 -629.08 1.34 1.49
59310.3604872246 -598.00 1.34 1.51
59314.3745150997 -608.34 0.46 0.43
59314.3303725826 -620.78 1.14 1.11
59313.3519822647 -605.73 0.33 0.32
59315.4005413714 -669.47 0.31 0.28
59315.3556305877 -689.57 0.57 0.61
59312.3229929653 -603.75 0.47 0.47
59315.3348902116 -717.20 0.22 0.22
59309.3794476896 -624.62 0.35 0.41
59314.3465619919 -604.41 0.57 0.55
59309.4125514456 -625.55 1.90 1.98
59313.3917383688 -599.70 0.48 1.50
59313.3674562767 -602.43 2.68 2.83
59307.3359713276 -656.12 0.53 0.52
59315.3388001651 -683.14 1.21 1.21
59311.3299287296 -564.13 0.45 0.48
59313.3539592408 -593.84 0.34 0.33
59314.3976306094 -590.00 1.20 1.32
59313.3932610510 -597.37 0.31 0.29
59313.3684575058 -594.31 1.21 1.14
59314.3632367940 -603.27 1.20 1.24
59312.3229943645 -592.67 3.18 2.71
59311.3709227327 -613.53 2.08 2.19
59315.3595196556 -675.52 0.45 0.45
59315.4005662064 -667.74 0.15 0.15
59313.3562074713 -623.35 0.51 0.52
59314.3773358792 -641.02 0.34 0.35
59313.3932613440 -596.33 0.45 0.48
59308.3717743250 -656.92 0.31 0.31
59315.3237887692 -665.79 1.87 1.93
59315.3392008217 -671.96 1.10 1.09
59311.3374743132 -580.03 0.24 0.25
59309.3842160809 -619.78 0.45 0.43
59309.4179379858 -608.86 0.43 0.41
59314.3633555232 -595.87 0.47 0.39
59314.3375064481 -613.54 2.66 2.77
59314.3985392341 -640.27 0.59 0.60
59313.3352851485 -621.08 0.26 0.27
59311.4075839674 -594.76 0.70 0.64
59315.3246570182 -619.33 1.40 1.56
59311.3713735351 -606.43 0.45 0.45
59313.4014790305 -612.80 0.17 0.18
59307.3556378527 -658.50 2.04 1.69
59313.3570529040 -604.98 1.49 1.53
59315.3418313511 -699.33 0.44 0.46
59315.3611578991 -676.99 0.34 0.34
59313.3684593779 -620.91 1.56 1.69
59314.3992592606 -649.66 0.72 0.68
59314.3646894266 -621.49 0.71 0.83
59314.3507554327 -630.80 0.49 0.45
59315.3819258632 -693.77 2.08 1.95
59315.3264588313 -676.60 0.45 0.46
59312.3265154062 -605.55 0.84 0.82
59311.4084200308 -586.97 0.91 0.87
59314.3775989901 -603.92 0.19 0.20
59313.3364752092 -609.11 0.47 0.48
59313.3601839475 -610.98 0.61 0.66
59313.3722056113 -588.04 0.51 0.49
59314.3996089608 -618.62 0.27 0.25
59308.3793024763 -654.87 0.52 0.56
59315.3269945665 -696.01 0.45 0.43
59313.4041714433 -598.29 0.57 0.64
59313.3364757731 -592.57 0.53 0.55
59312.3278421265 -623.67 0.28 0.29
59314.3827332118 -603.48 0.61 0.65
59315.3643228258 -670.72 0.24 0.23
59311.3499458819 -577.94 2.51 2.02
59313.3608405400 -606.55 1.06 1.00
59315.3420932048 -684.98 0.56 0.60
59312.2781223191 -589.84 0.42 0.40
59313.3736096811 -606.41 0.30 0.30
59313.3371454437 -599.58 0.55 0.56
59314.3380472169 -598.97 1.63 1.64
59315.3278520920 -692.55 0.74 0.74
59315.3421400547 -684.01 5.58 3.75
59315.4028869665 -661.11 0.58 0.70
59308.3813659701 -662.02 0.96 0.96
59311.3522949110 -556.30 0.66 0.63
59315.3835602282 -689.23 1.53 1.60
59312.2902130007 -606.23 0.46 0.52
59311.3804165591 -572.71 1.33 1.43
59312.3355719811 -615.46 0.59 0.58
59314.4003875653 -603.48 0.60 0.59
59314.3862349434 -650.28 1.72 1.85
59315.3295251265 -644.68 1.81 1.84
59315.4029465984 -678.21 0.27 0.26
59315.3868188223 -659.46 0.34 0.33
59314.3690045446 -616.93 1.71 1.77
59313.3614914091 -590.46 0.67 0.62
59311.3810116526 -571.20 0.17 0.32
59314.4005438688 -608.48 1.34 1.37
59314.3874044508 -583.85 1.17 1.10
59312.3419817239 -590.43 0.55 0.49
59315.3440044643 -645.59 1.37 1.45
59310.3938761029 -603.52 1.52 1.64
59316.3207878218 -735.04 2.21 2.38
59315.3298073934 -703.82 1.34 1.30
59315.3672858022 -707.00 2.69 2.85
59313.3442926995 -620.05 0.33 0.33
59308.3888770505 -651.08 0.46 0.49
59313.4047263923 -592.24 0.45 0.47
59314.4006499288 -630.28 0.43 0.40
59315.3882212287 -692.34 1.34 1.32
59315.3459484269 -685.43 1.35 1.28
59311.3810118414 -571.78 0.22 0.23
59314.3551539324 -614.43 0.93 1.01
59313.3634990322 -602.57 2.74 2.55
59315.3301686406 -709.15 0.89 0.90
59316.3213955354 -703.73 0.19 0.19
59314.3553825805 -612.70 2.88 2.82
59309.4066561571 -635.23 1.50 1.65
59312.3494747188 -621.90 1.28 1.25
59310.3965847661 -615.86 0.64 0.88
59313.3745443688 -579.42 0.50 0.52
59311.3817058199 -573.42 0.58 0.57
59314.3877489045 -635.30 2.31 2.16
59313.4067852377 -617.63 1.13 1.23
59316.3221842169 -733.36 1.33 1.31
59313.3280181320 -608.20 1.01 1.01
59314.3622313118 -614.86 0.62 0.60
59307.3844090984 -665.37 0.35 0.35
59310.3417365583 -606.20 0.61 0.65
59312.3053547135 -618.53 0.21 0.19
59316.3275586192 -739.25 0.66 0.61
59313.4067857422 -606.97 2.71 2.47
59313.3450706959 -600.66 2.18 1.71
59314.3690051208 -624.13 0.67 0.65
59315.3937660859 -681.68 0.25 0.24
59308.3891992843 -671.60 0.34 0.66
59312.3179677824 -598.31 2.49 1.97
59311.3555270483 -598.90 1.34 1.33
59314.4050309524 -633.75 0.53 0.48
59314.3901437774 -641.83 0.55 0.77
59310.3993890667 -620.41 0.41 0.40
59314.3394000162 -620.69 0.24 0.22
59311.3832735103 -614.77 0.84 0.86
59314.3631300127 -608.82 0.91 0.94
59315.3301846391 -694.46 0.90 0.96
59315.3686177729 -687.80 0.70 0.74
59313.3642241601 -614.06 1.40 1.44
59313.3476890092 -602.99 0.22 0.21
59312.3182251089 -612.61 1.37 1.49
59313.3315773016 -604.91 0.48 0.53
59315.3213275639 -690.81 3.56 2.17
59311.3596779755 -565.56 0.44 0.40
59316.3311303004 -729.90 1.11 1.16
59307.3989390489 -643.86 1.61 1.62
59313.4080855783 -606.05 0.35 0.30
59311.3846660247 -567.45 1.10 1.18
59314.3691912633 -619.48 0.80 0.76
59313.3324375208 -610.95 2.31 1.87
59313.3643115568 -603.93 0.15 0.15
59315.3221450954 -693.36 0.86 0.86
59310.4017390820 -585.79 1.24 1.32
59313.3765106765 -600.52 1.66 1.59
59315.3546971660 -659.95 1.59 1.48
59315.3696924105 -661.15 0.56 0.55
59311.3606221210 -565.21 0.39 0.38
59313.3483363853 -630.29 0.09 9.66
59314.3923005036 -584.09 0.79 0.78
59314.3399146583 -620.15 0.85 0.91
59311.3933806616 -590.41 0.24 0.25
59315.3981884376 -682.45 0.32 0.32
59312.3190453060 -618.16 0.17 0.17
59316.3324085385 -736.95 0.49 0.44
59313.3655810396 -612.23 0.43 0.44
59313.3797164743 -611.59 0.31 0.30
59307.4043488988 -640.30 1.54 3.07
59313.3350781903 -587.21 0.64 0.62
59314.3930786006 -614.22 1.41 1.48
59314.3259085317 -601.85 0.39 0.38
59316.3659246763 -695.45 1.90 1.88
59318.3621883475 -613.70 1.56 1.63
59312.3228468663 -590.43 0.46 0.46
59314.3421316186 -605.94 0.84 0.85
59316.3747805359 -739.31 0.52 0.48
59310.4044853737 -606.35 1.06 1.02
59310.3439776948 -586.75 0.43 0.40
59311.3652354819 -590.93 0.32 0.35
59319.3413219847 -454.57 0.50 0.50
59316.3478003371 -712.33 0.39 0.39
59320.2341202395 -512.28 0.25 0.24
59310.4056699508 -617.53 3.03 2.75
59319.3208813519 -423.30 0.48 0.49
59313.3486964158 -592.76 0.26 0.27
59309.4088117832 -606.07 0.72 0.69
59319.3421689845 -477.40 1.87 1.88
59318.3672542280 -474.26 0.55 1.10
59309.3579058223 -603.71 0.48 0.51
59310.4057086377 -604.83 0.85 0.76
59319.3243885969 -429.89 1.27 1.26
59314.3742083255 -613.29 1.04 1.07
59314.3424458043 -603.09 0.97 0.95
59321.2567751863 -439.86 1.47 1.42
59316.3759825468 -659.93 0.73 0.13
59311.4019758475 -592.05 0.50 0.47
59307.4119505268 -661.75 2.63 2.56
59322.3120438569 -455.19 2.10 2.19
59319.3274115951 -487.35 1.18 1.23
59322.3421022536 -435.50 1.89 1.96
59319.3703708718 -456.71 1.20 1.15
59311.4034039468 -564.65 1.54 1.59
59314.3465615484 -610.18 0.40 0.41
59319.3306861854 -497.78 2.10 1.95
59316.3478011811 -709.04 0.35 0.34
59322.3449158325 -440.15 1.09 1.12
59309.3747527062 -629.03 0.74 0.79
59316.3406759962 -730.82 0.58 0.55
59320.3024772837 -524.45 1.15 1.38
59313.3871821243 -585.85 0.19 1.62
59310.3529042508 -559.28 2.45 2.47
59323.3050115764 -430.87 0.76 0.70
59308.3423808710 -655.89 0.35 0.33
59323.3283811580 -412.28 1.10 1.12
59318.3701516807 -490.04 0.98 0.76
59322.3704349535 -434.63 0.27 0.27
59321.2574772605 -434.33 0.65 0.67
59319.3703716121 -455.01 2.60 2.54
59318.3897271061 -576.81 0.63 0.68
59309.4093615099 -623.33 0.67 0.67
59319.3333675465 -498.77 0.21 0.22
59322.3122594628 -426.70 0.48 0.44
59323.3498016601 -398.06 0.61 0.61
59316.3851831688 -684.66 0.76 0.77
59319.3447027017 -462.33 3.48 2.07
59316.3407004885 -722.77 0.86 0.83
59320.2813398572 -479.11 1.01 1.42
59321.2303075238 -455.74 0.19 0.19
59321.2599226675 -440.82 1.06 1.12
59323.3050120347 -430.97 0.28 0.31
59324.3603798376 -422.75 1.07 1.03
59308.3688153919 -659.58 1.29 1.30
59322.3127898271 -441.20 0.41 0.42
59310.3544182004 -601.85 2.93 2.33
59321.2304078334 -514.36 1.30 1.30
59319.3333679847 -452.72 0.13 0.13
59323.3747382421 -391.64 0.68 0.67
59320.2855320997 -523.58 0.41 0.42
59316.3407648969 -678.85 0.18 0.19
59324.4062417583 -401.38 1.91 1.30
59318.3917662865 -625.75 2.69 2.37
59324.3622282463 -379.09 0.91 0.92
59318.3543702842 -574.35 2.06 1.83
59323.3533255751 -455.18 0.15 0.27
59324.3341362335 -447.04 3.45 2.92
59323.3055465675 -446.70 1.74 2.25
59316.3929845072 -734.56 2.56 2.62
59319.3485712765 -502.12 0.32 0.34
59319.3739260249 -476.20 0.49 0.48
59316.3502049125 -682.10 1.28 0.12
59323.3291111393 -416.65 0.75 0.83
59324.3740121209 -437.90 0.69 0.74
59324.4122789883 -404.26 0.22 0.23
59320.2890618915 -536.41 0.56 0.53
59318.3933223479 -604.29 0.55 0.55
59320.2550854229 -489.20 1.67 1.54
59319.3340618991 -454.10 0.40 0.40
59323.3061118606 -456.06 1.72 1.85
59319.3558474951 -450.39 0.56 0.60
59321.2379797982 -467.33 0.64 0.65
59319.3771346847 -450.20 0.17 0.17
59324.4191067290 -407.10 1.69 1.67
59324.3370653055 -459.81 0.37 0.36
59320.2899300607 -493.55 4.49 3.08
59318.3945434231 -587.12 4.30 4.00
59319.3373862471 -486.25 2.81 2.70
59318.3557792002 -551.02 0.58 0.30
59325.2885518452 -534.00 0.33 0.32
59321.2695615136 -437.07 1.97 1.62
59319.3562069210 -458.66 0.82 0.86
59316.3411102288 -734.56 0.27 0.27
59323.3585568710 -447.95 0.94 0.57
59316.3937273675 -697.51 0.55 0.58
59320.2564303875 -517.36 0.74 0.75
59322.3182214483 -443.16 1.01 1.02
59324.4205411948 -376.63 1.30 1.31
59321.2379805407 -460.82 1.44 1.49
59319.3782318452 -446.64 0.67 0.67
59316.3504017835 -692.80 0.59 0.57
59324.3378879662 -370.41 0.23 0.23
59323.3340996974 -455.69 0.60 0.56
59318.3559059400 -599.46 0.74 0.72
59321.2806312018 -457.12 0.17 0.17
59323.3067148151 -453.66 0.48 0.47
59322.3217804028 -448.53 1.21 1.09
59322.3498797153 -432.95 0.62 0.58
59318.3718422576 -507.52 0.21 0.20
59316.3411112677 -709.83 1.55 1.54
59324.3392871461 -414.77 1.13 1.26
59319.3589204125 -456.92 1.22 1.21
59320.2574683206 -522.34 1.68 1.53
59324.3782529315 -400.51 1.66 1.58
59318.3562419767 -483.61 1.55 1.55
59320.2916135399 -521.64 0.63 0.69
59316.3507390178 -721.04 1.03 1.09
59319.3142691343 -479.15 0.09 0.35
59319.3782321568 -447.83 1.22 1.28
59325.3314790597 -530.49 1.24 1.24
59318.3756250898 -559.68 1.35 1.42
59323.3611781819 -455.24 1.07 1.01
59324.3399546942 -445.24 1.23 1.33
59322.3741276607 -445.44 0.66 0.66
59316.3425122901 -699.56 0.21 0.22
59319.3805787097 -468.69 1.23 1.21
59320.2942425977 -526.81 0.27 0.30
59319.3625527450 -474.10 1.94 1.75
59324.3786095993 -404.81 0.56 0.61
59323.3110500105 -456.66 0.44 0.45
59321.2403029403 -461.53 0.33 0.32
59322.3778142405 -439.02 0.31 0.62
59324.3515873966 -447.25 1.01 1.03
59319.3165257028 -470.06 0.76 0.77
59320.2628199661 -519.80 0.42 0.46
59321.2853503114 -441.29 0.37 0.53
59318.3565365939 -487.26 1.31 1.30
59322.3252007150 -438.34 1.18 1.96
59318.3756981424 -512.18 0.72 0.72
59316.3527914815 -699.10 1.09 0.94
59325.2531184027 -536.53 0.44 0.46
59319.3627370204 -439.75 1.69 1.63
59324.3881509458 -459.28 1.47 1.58
59320.2943809983 -527.53 0.88 0.90
59322.3778146776 -439.43 1.16 1.21
59324.3515877019 -447.11 0.68 0.65
59322.3032538338 -444.67 0.26 0.26
59320.2637088022 -518.84 0.26 0.26
59319.3635736313 -427.02 2.15 1.94
59316.3533020362 -745.94 0.77 0.89
59325.3347027706 -548.07 0.61 0.60
59316.3977476737 -695.80 0.37 0.39
59321.2403034686 -460.61 1.31 1.25
59318.3593224170 -494.67 0.55 0.56
59319.3814750286 -451.90 1.16 1.13
59319.3208808657 -421.72 1.40 1.46
59319.3652140599 -401.07 2.16 1.90
59316.3606285971 -709.69 2.17 2.15
59316.3449764899 -694.85 0.57 0.56
59325.3831021721 -568.15 2.85 2.78
59321.2405391624 -441.27 0.75 0.79
59323.3416488483 -436.66 0.27 0.26
59324.3954636629 -385.86 0.48 0.46
59320.2955271727 -512.65 1.16 1.20
59322.3257027732 -435.30 0.14 0.14
59322.3535537174 -459.05 0.41 0.39
59322.3800073445 -450.36 0.68 0.67
59320.2709756151 -495.03 0.57 1.54
59323.3155406834 -430.33 0.27 0.26
59322.3072868600 -439.03 0.16 0.16
59323.3442238391 -447.62 1.62 1.06
59322.3267227779 -417.31 1.94 2.02
59324.3970678864 -402.56 0.98 0.90
59326.2822735938 -619.01 2.72 4.50
59319.3823212096 -448.39 0.45 0.62
59320.3000174464 -519.27 1.14 1.21
59316.3984495949 -671.20 0.29 0.29
59316.3650068998 -730.61 1.35 1.32
59323.3442597485 -447.74 1.67 1.77
59318.3777422295 -506.92 0.39 0.41
59326.3413005102 -435.58 0.51 0.48
59322.3084917173 -417.55 1.91 1.94
59323.3180986462 -415.16 0.63 0.62
59324.3549947664 -469.22 0.58 0.60
59325.2658474289 -508.70 1.01 1.05
59326.3711819412 -434.88 0.36 0.37
59327.3530158515 -395.86 1.28 1.39
59323.3018823289 -449.26 0.42 2.93
59323.3481269304 -418.68 1.49 1.63
59321.2481646451 -435.48 0.27 0.26
59322.3564023374 -455.09 1.07 1.02
59318.3793668389 -528.88 0.28 0.28
59324.3603489006 -435.10 0.92 0.91
59326.2857712274 -562.46 1.75 1.70
59326.3732881536 -538.28 0.72 0.76
59326.3427344636 -553.10 2.19 0.13
59316.3475916079 -695.90 1.36 1.24
59328.3542857070 -396.56 0.65 0.70
59322.3283445983 -448.94 0.74 0.77
59326.2272316021 -538.14 0.26 0.24
59328.2680667166 -491.90 0.63 0.65
59319.3856336930 -465.86 0.94 1.02
59323.3022391107 -412.04 0.50 0.46
59316.4004683532 -717.06 1.63 1.73
59326.3438811851 -530.91 2.85 3.18
59328.3982291540 -522.75 0.66 0.74
59316.3477997369 -713.27 2.32 2.25
59323.3639510485 -455.24 2.60 2.64
59322.3288461023 -446.18 1.20 1.21
59325.3768028858 -512.25 4.39 3.91
59323.3197469442 -460.06 2.10 3.12
59325.2671220920 -530.91 0.50 0.48
59330.2885680930 -628.84 1.12 1.11
59329.4350692878 -589.66 0.94 0.86
59327.2195660255 -385.39 0.28 0.29
59328.2738918448 -472.44 0.80 0.77
59330.3355840475 -642.24 0.42 0.41
59319.3882353389 -418.75 0.32 0.30
59326.3441781429 -551.86 2.43 2.30
59328.4007987162 -553.83 3.31 3.24
59331.2767675750 -667.44 0.54 0.51
59322.3372697136 -442.06 0.95 0.91
59330.2894471802 -606.73 1.67 1.69
59329.3869736504 -576.43 0.58 0.55
59328.3549582542 -529.34 0.87 0.93
59329.4358968431 -558.40 0.61 0.58
59316.3477999607 -712.56 0.24 0.24
59326.2281550502 -605.15 1.38 1.25
59331.3567402221 -688.04 0.29 0.30
59325.3784356375 -520.46 1.01 1.01
59327.2367936996 -373.65 1.08 1.12
59327.2789616859 -401.05 0.92 0.95
59326.3122459611 -436.90 0.84 0.91
59328.2875217256 -507.76 0.40 0.41
59326.3483340386 -546.55 0.69 0.73
59323.3048627455 -429.85 1.32 1.36
59323.3678826322 -424.62 1.20 1.22
59329.3884270074 -579.17 0.34 0.34
59328.3575320965 -514.36 0.32 0.33
59330.2905594101 -616.69 0.23 0.22
59331.3626357666 -628.85 0.39 0.38
59327.2800780965 -402.47 4.30 2.59
59328.3104314070 -493.07 1.76 1.54
59334.2890473381 -785.27 2.36 2.11
59325.3784533898 -540.38 0.40 0.37
59327.2616648718 -399.25 0.40 0.38
59329.4394630962 -584.75 2.22 1.96
59328.4031633206 -467.38 0.50 0.45
59326.3495122598 -550.42 1.07 1.15
59323.3049111369 -445.82 0.96 1.10
59331.2780346062 -614.55 1.18 1.33
59326.3155001544 -551.37 1.08 1.01
59327.2624881481 -392.40 1.00 1.02
59327.2803478553 -403.69 0.39 0.39
59336.3250668199 -877.45 0.29 0.31
59337.2261270530 -764.51 0.76 1.14
59330.2917978816 -617.39 0.71 0.72
59326.2332491650 -674.48 0.77 0.81
59323.3694571872 -428.80 0.92 0.93
59334.2435055159 -812.37 0.99 0.93
59326.3549272127 -523.22 2.03 2.09
59331.2795068199 -696.84 3.81 2.83
59329.3917984686 -559.88 0.32 0.32
59331.3634193142 -712.60 0.58 0.58
59330.3405362521 -652.81 3.70 3.73
59334.3157640506 -829.61 1.33 1.42
59328.3128121089 -485.87 0.80 0.80
59337.3445964810 -769.35 2.19 1.96
59330.2946096541 -616.67 0.73 0.76
59337.2261273071 -771.92 0.65 0.70
59336.2238767496 -870.88 2.18 2.12
59326.2336039408 -446.71 2.61 2.68
59329.4394636621 -558.20 0.58 0.54
59327.3110144428 -365.12 2.89 1.45
59334.2715528387 -773.62 1.03 1.02
59336.3256057997 -809.50 0.52 0.53
59329.3942990833 -579.51 0.17 0.17
59329.4409875867 -564.33 1.47 1.47
59326.2388620973 -526.20 2.62 3.20
59328.3166338184 -429.29 0.72 0.75
59326.3175241788 -555.80 1.32 1.31
59327.3117202490 -377.57 1.03 1.10
59337.2956340192 -740.67 0.19 0.18
59336.2289318404 -875.31 0.24 0.25
59337.3452810742 -807.97 2.39 2.23
59330.2495521078 -640.15 2.76 7.52
59331.3979856290 -644.03 1.15 1.10
59326.3555649955 -543.98 2.24 1.84
59328.3609006068 -511.18 0.99 1.08
59330.3018370695 -600.58 0.41 0.38
59328.3209008590 -488.62 0.27 0.26
59337.2261279119 -770.07 1.10 1.21
59339.2631223504 -500.76 0.41 0.39
59334.3168674904 -783.39 1.88 3.18
59337.2978932556 -759.55 0.57 0.55
59327.3155856051 -417.22 0.38 0.38
59337.3485369570 -760.89 1.67 1.78
59328.4103098709 -500.06 0.42 0.39
59330.2514016748 -584.83 2.10 2.57
59331.3996632523 -682.26 1.52 1.59
59326.3578963089 -434.63 0.52 4.49
59328.3245890865 -464.48 1.38 1.33
59328.3662517585 -482.65 0.41 0.41
59336.3256937295 -882.20 0.52 0.50
59327.3163796897 -404.71 1.19 1.27
59330.3276128161 -641.93 0.65 0.69
59329.3975558754 -574.46 0.48 0.49
59328.4122219096 -492.68 0.59 0.62
59336.2340359683 -811.05 1.55 1.51
59330.2524176954 -566.31 0.57 0.54
59339.2726004444 -637.42 0.31 0.33
59334.2777027400 -866.00 2.09 2.57
59334.3185289928 -795.66 1.55 1.67
59328.3259398124 -468.10 1.66 1.59
59337.3498112361 -765.53 1.49 1.48
59326.2713912422 -501.07 1.01 1.03
59330.3433188333 -606.66 4.00 3.90
59331.3102025464 -687.70 1.51 1.44
59326.3178663767 -549.27 2.80 0.57
59337.2988807107 -762.92 0.95 0.87
59329.3839625721 -557.98 3.22 3.11
59334.2808126507 -806.23 3.08 2.12
59329.3992990032 -569.88 0.42 0.43
59334.3200838083 -807.61 1.94 1.84
59327.3206536369 -366.19 0.82 0.79
59326.3655045096 -460.91 0.72 0.65
59327.2761275648 -404.08 0.68 0.70
59336.3613429650 -888.13 2.92 2.60
59328.3279079328 -487.02 0.64 0.64
59328.3666685078 -515.99 1.42 1.44
59331.4087308069 -651.82 1.69 1.71
59330.3288680908 -619.04 1.00 0.96
59331.3105344987 -639.91 0.18 0.19
59329.3839638886 -558.91 0.33 0.31
59334.2808150248 -797.72 1.26 1.09
59330.2607745267 -654.38 2.26 2.27
59330.3441239083 -605.90 0.61 0.57
59327.3476640320 -407.42 0.29 0.28
59327.2761283180 -394.01 0.15 0.16
59328.3670035084 -473.82 0.42 0.40
59329.4086830203 -608.70 0.65 0.64
59331.3172268415 -657.45 1.58 1.58
59336.2525976328 -797.39 0.85 0.84
59330.3775071037 -628.13 1.90 1.93
59326.2734172532 -615.19 3.19 3.28
59330.3319310942 -642.01 0.62 0.66
59340.2383314877 -499.65 0.93 1.01
59336.3632303358 -872.63 0.30 0.31
59326.3347524645 -542.71 0.84 0.78
59329.3856316055 -555.68 0.45 0.44
59337.3007825931 -810.10 1.62 1.52
59334.2307248436 -803.13 1.08 1.17
59327.3483112259 -414.91 0.63 0.63
59328.3711958471 -491.27 1.41 1.29
59329.4168192290 -558.73 1.12 1.10
59328.3297526029 -485.31 0.48 0.46
59340.2647002410 -408.70 1.01 1.06
59336.3708737404 -874.31 2.12 2.15
59329.3865525554 -558.40 1.22 1.20
59339.2797171568 -439.38 2.16 2.17
59334.3223373194 -790.18 0.83 0.76
59334.3284394390 -798.94 0.47 0.42
59330.2626707154 -592.92 1.01 0.97
59336.2541646479 -881.45 1.26 1.17
59328.3940521323 -516.14 1.08 1.13
59334.2821569853 -830.37 0.42 0.42
59330.3792061744 -611.99 1.36 1.27
59329.4186022566 -589.52 0.35 0.37
59337.3539318547 -742.78 0.59 0.64
59347.1777001567 -596.83 0.48 0.53
59345.2509388925 -587.53 1.07 1.01
59337.3094035778 -824.02 0.84 0.84
59331.2675754242 -683.20 2.01 2.18
59331.3225330987 -698.84 2.64 3.35
59328.3962304537 -529.21 0.36 0.36
59336.3728527134 -809.35 1.20 1.12
59334.2829084791 -705.43 0.28 0.26
59346.2860147660 -585.48 2.10 2.63
59347.3059020231 -592.38 1.40 1.46
59334.3231789043 -819.76 0.80 0.80
59336.2607804506 -800.38 2.54 2.43
59326.3408017216 -661.97 0.66 0.56
59331.3243747547 -724.08 1.70 1.78
59337.2547266623 -702.92 2.08 1.91
59345.2781247402 -588.54 0.26 0.26
59330.3338766896 -618.05 0.50 0.49
59336.2692278073 -817.60 1.10 1.06
59343.2101400367 -565.95 1.26 1.05
59334.2358724733 -806.46 0.24 0.24
59345.2879116550 -589.51 1.07 1.09
59336.3743365319 -883.96 0.41 1.20
59347.1777009268 -598.64 1.78 1.53
59348.3387854075 -596.92 0.44 0.47
59340.3030964609 -418.24 1.27 1.27
59329.4186026993 -588.97 0.96 0.94
59331.2708645771 -689.92 2.55 2.39
59336.3149338505 -876.06 0.86 0.89
59337.2578163809 -775.03 0.56 0.61
59330.3338770370 -641.49 0.54 0.42
59346.2904293554 -590.49 0.31 0.29
59348.2440317027 -596.72 1.51 2.23
59345.2890358510 -589.64 0.66 0.64
59349.2580239810 -598.17 0.31 0.28
59337.2177694674 -784.95 0.83 0.83
59347.1823107181 -592.69 0.71 0.68
59348.1976374516 -593.40 0.65 0.65
59337.3104906879 -775.69 0.57 0.57
59336.3172168110 -889.46 0.71 0.75
59350.2588345362 -587.61 1.80 1.93
59339.3236732479 -650.13 2.98 3.85
59347.1848955250 -592.44 0.54 0.58
59331.2718399608 -649.09 2.31 2.53
59348.2034737919 -594.89 0.33 0.31
59337.2621165308 -700.66 0.51 0.52
59346.2925944751 -584.93 1.39 1.50
59341.2495449885 -481.64 2.64 2.47
59340.1993717715 -417.58 2.14 2.09
59338.2921341718 -634.56 0.18 0.18
59337.3340382748 -699.87 0.26 0.27
59348.3404879670 -594.99 0.66 0.72
59329.4293341769 -580.67 0.35 0.31
59347.2275366751 -586.53 0.81 0.84
59346.3078476474 -591.83 3.34 3.64
59336.3204285046 -848.68 1.33 1.28
59337.2205906427 -780.04 0.90 0.77
59341.2941800557 -553.91 0.86 0.90
59349.2603868211 -595.98 0.54 0.50
59334.3243333879 -842.42 0.60 0.63
59348.2041664026 -595.64 0.32 0.43
59331.2744450940 -711.92 0.60 0.62
59340.2316041148 -413.58 0.87 0.61
59350.3183699606 -590.60 1.30 1.24
59331.3260845183 -650.32 1.90 1.73
59338.3847866480 -690.22 0.61 0.63
59336.3206517836 -838.07 0.70 0.79
59337.2625708181 -779.19 0.77 0.79
59341.2986839298 -517.38 2.14 1.48
59343.2101403367 -566.61 2.22 2.19
59351.2114997867 -588.10 2.06 1.88
59334.3251825806 -779.23 1.88 1.75
59337.3341627605 -738.67 0.33 0.36
59348.2769076490 -596.52 0.16 1.64
59352.2951373998 -594.86 0.37 0.35
59345.3229954880 -593.76 1.55 1.09
59350.3205007490 -590.13 0.16 0.16
59341.3005709196 -545.86 1.75 1.69
59352.3617799594 -593.18 1.85 1.79
59346.3092504595 -587.35 0.21 0.97
59343.2563536361 -573.09 0.48 0.42
59349.3100613923 -598.54 1.84 1.77
59330.3349251762 -643.73 2.74 2.25
59350.2589222634 -588.00 2.15 2.35
59337.3355325977 -705.80 0.89 0.93
59351.2775243725 -600.74 0.92 0.93
59331.3551044899 -716.20 0.57 0.56
59341.3421512985 -495.81 0.70 0.68
59345.3242162664 -589.17 0.50 0.50
59353.2378814473 -594.81 0.75 0.81
59349.3125258660 -590.90 0.89 0.91
59353.2965372503 -593.14 1.06 1.14
59337.3358141341 -734.80 2.34 1.92
59348.3404883767 -594.30 0.56 0.56
59337.2647871467 -781.32 0.47 0.45
59343.2911078631 -573.68 0.48 0.43
59348.2074370852 -603.12 3.27 2.11
59351.2120687852 -602.08 0.25 0.23
59348.2831600505 -594.75 0.32 0.33
59345.3266879048 -584.39 0.91 0.92
59337.2209395007 -756.64 1.88 2.53
59360.1388906856 -594.82 2.26 1.94
59339.2626398334 -508.11 1.00 0.91
59353.2439236737 -591.02 0.27 0.26
59348.3415938060 -591.84 0.78 0.75
59350.3232055455 -591.00 0.93 0.83
59346.3400949515 -585.52 0.93 1.00
59354.1428978526 -593.75 0.42 0.44
59343.2973388482 -566.36 1.43 1.48
59337.2704145592 -781.58 0.15 0.16
59351.2150425424 -598.23 0.20 0.20
59352.3019139080 -590.95 0.97 0.91
59354.1458121741 -587.20 2.72 2.83
59349.3140836083 -594.38 2.02 2.29
59346.3512754860 -593.27 0.35 0.14
59337.2705971269 -705.99 2.47 2.39
59337.2232065246 -758.68 0.33 0.34
59352.2513631850 -592.95 1.13 1.10
59334.3777713577 -808.21 1.64 1.84
59351.2185077245 -598.47 1.70 1.76
59348.2075245224 -595.70 0.61 0.46
59357.1385237538 -596.99 0.80 0.86
59349.1827069844 -596.81 0.50 0.53
59348.2831610891 -588.76 0.72 0.72
59353.2454017107 -592.53 0.20 0.22
59345.3623374477 -589.30 0.22 0.21
59360.1434177643 -602.57 1.65 1.66
59350.1675796662 -593.64 0.92 0.18
59345.3663322010 -586.14 0.80 0.82
59334.3784446423 -804.07 0.40 0.43
59347.2501307444 -592.56 0.63 0.86
59346.3541491138 -590.32 0.57 0.57
59350.2616487793 -592.26 1.01 1.02
59348.2364571937 -594.56 0.41 0.42
59350.1676767395 -595.48 0.53 0.53
59353.2494338206 -592.00 0.58 0.57
59357.1438165277 -586.82 1.89 5.52
59360.1490007337 -597.45 0.50 0.62
59351.1717979067 -598.88 1.66 1.54
59354.1482451522 -592.91 2.10 1.64
59350.1723352802 -607.66 0.55 0.75
59352.2687094230 -594.18 0.53 0.55
59345.3683983826 -588.82 0.43 0.45
59347.2534914927 -587.31 0.51 0.49
59350.2626259788 -589.48 1.79 1.78
59348.2867494787 -598.81 1.39 1.33
59351.2329293542 -597.84 0.92 1.17
59344.2814696262 -583.66 1.29 1.23
59352.3229854606 -596.51 1.45 1.45
59357.1438169967 -604.87 1.11 1.08
59354.1537640128 -592.53 0.23 0.24
59346.2854204409 -594.82 2.67 1.74
59348.2364576801 -592.50 0.31 0.30
59352.2695905021 -597.37 0.53 0.52
59347.2621728906 -596.20 0.20 0.20
59334.3784451159 -801.06 1.01 1.09
59360.1641333193 -595.96 2.23 2.89
59353.2534500781 -592.09 0.36 0.36
59354.1556408032 -596.76 1.76 1.54
59344.2883547359 -577.41 0.88 0.17
59350.2645273742 -587.17 0.83 0.64
59352.3255167184 -599.73 3.70 2.33
59344.3167561293 -597.36 0.79 0.74
59351.1777244292 -599.82 0.39 0.41
59350.2681992904 -590.67 0.76 0.79
59353.2811383259 -593.54 1.99 1.75
59348.2416508390 -591.08 1.85 1.77
59348.2908025718 -592.31 1.02 1.02
59352.2695908429 -599.48 0.59 0.58
59350.1874094706 -595.15 2.03 1.13
59351.1807223546 -607.20 2.14 2.64
59352.3261399899 -594.77 0.30 0.31
59346.3655432310 -584.07 1.64 1.12
59350.2689864063 -592.73 0.21 0.22
59353.2815380907 -593.19 0.71 0.70
59344.3198250243 -596.30 0.28 0.27
59351.2340544023 -598.62 0.69 0.71
59348.2420907093 -596.97 0.20 0.20
59350.2207225970 -596.64 0.37 0.36
59357.1734411545 -586.34 1.73 1.48
59354.1616949453 -589.03 0.93 1.05
59352.2820187798 -595.27 0.54 0.44
59349.2251119822 -597.08 0.82 1.18
59360.1722047375 -601.17 0.40 0.39
59357.1743748647 -594.67 1.57 1.62
59348.2427467248 -596.10 2.35 2.48
59347.2645226845 -587.88 0.72 0.70
59350.2689873882 -592.92 0.14 0.38
59352.3267220033 -597.87 0.66 2.05
59348.3314267877 -599.75 1.83 1.80
59353.2857006180 -598.46 0.76 0.70
59354.1834294753 -591.71 0.22 0.22
59346.3784165285 -590.48 1.88 1.90
59357.1789096466 -594.49 0.56 0.48
59351.2633700180 -601.07 1.58 1.57
59350.2244849277 -594.31 0.72 0.72
59351.1994906881 -597.91 0.09 2.40
59352.2828525409 -593.69 1.33 1.26
59353.2892488722 -587.06 2.15 1.82
59348.3385795466 -601.70 2.41 1.21
59357.1837283569 -600.18 0.62 0.56
59352.2841876145 -595.83 0.38 0.37
59352.3463668087 -595.32 1.39 1.46
59349.2510617617 -600.01 0.11 0.08
59360.1736411555 -591.56 5.88 2.79
59351.2634278199 -598.70 1.16 1.25
59357.1886551319 -590.09 0.26 0.26
59352.2876158229 -601.69 0.50 0.52
59360.1784379937 -595.55 1.53 1.59
59349.2558416663 -599.35 1.21 1.27
59352.3464486123 -594.61 1.15 1.27
59360.1363945500 -601.26 0.32 0.36
59351.2634280053 -601.80 0.82 0.89
59352.2878772961 -596.27 0.76 0.76
59352.3470010885 -602.67 1.76 1.75
59349.2580237492 -595.43 0.51 0.50
59350.2741196293 -590.69 0.60 0.62
59360.1787479228 -584.66 3.04 2.70
59350.3131513853 -592.00 0.33 0.35
59351.2645278637 -596.17 0.71 0.69
